{
	"labels": [
		[
			"1.jpg",
			[
				0.9943798780441284,
				0.030124753713607788,
				-0.10149471461772919,
				0.258063459161381,
				0.013958552852272987,
				-0.9875993728637695,
				-0.1563735008239746,
				0.4149671375870093,
				-0.10494682937860489,
				0.1540779322385788,
				-0.9824694395065308,
				2.6554106134020983,
				0.0,
				0.0,
				0.0,
				1.0,
				4.2647,
				0,
				0.5,
				0,
				4.2647,
				0.5,
				0,
				0,
				1
			]
		],
		[
			"11.jpg",
			[
				0.4298849105834961,
				-0.13274377584457397,
				-0.893072247505188,
				2.3382314088008327,
				-0.16349098086357117,
				-0.9842263460159302,
				0.06759543716907501,
				-0.17287118298941945,
				-0.8879581093788147,
				0.11695097386837006,
				-0.44480645656585693,
				1.3389508702671338,
				0.0,
				0.0,
				0.0,
				1.0,
				4.2647,
				0,
				0.5,
				0,
				4.2647,
				0.5,
				0,
				0,
				1
			]
		],
		[
			"12.jpg",
			[
				0.9983300566673279,
				0.054421234875917435,
				-0.019376659765839577,
				0.04778609089198063,
				0.05010080337524414,
				-0.9826517701148987,
				-0.17856469750404358,
				0.4749615407794037,
				-0.028758220374584198,
				0.1772957146167755,
				-0.9837373495101929,
				2.657466467200991,
				0.0,
				0.0,
				0.0,
				1.0,
				4.2647,
				0,
				0.5,
				0,
				4.2647,
				0.5,
				0,
				0,
				1
			]
		],
		[
			"13.jpg",
			[
				0.9676205515861511,
				0.06543894112110138,
				-0.24377892911434174,
				0.6251883199598468,
				0.06967458873987198,
				-0.9975311160087585,
				0.008783301338553429,
				-0.022956372731059355,
				-0.24260228872299194,
				-0.025484099984169006,
				-0.969791054725647,
				2.626521001160436,
				0.0,
				0.0,
				0.0,
				1.0,
				4.2647,
				0,
				0.5,
				0,
				4.2647,
				0.5,
				0,
				0,
				1
			]
		],
		[
			"2.jpg",
			[
				0.9768601655960083,
				-0.057169634848833084,
				0.20609648525714874,
				-0.5208520048189871,
				-0.03618863970041275,
				-0.9939005374908447,
				-0.10417299717664719,
				0.2817248105583187,
				0.21079494059085846,
				0.09430410712957382,
				-0.9729707837104797,
				2.6342635251986315,
				0.0,
				0.0,
				0.0,
				1.0,
				4.2647,
				0,
				0.5,
				0,
				4.2647,
				0.5,
				0,
				0,
				1
			]
		],
		[
			"3.jpg",
			[
				0.9770041704177856,
				-0.031472768634557724,
				-0.2108847200870514,
				0.536291057503319,
				-0.05538777634501457,
				-0.9925550222396851,
				-0.10847458243370056,
				0.28395418638406233,
				-0.20590068399906158,
				0.11766055226325989,
				-0.9714735150337219,
				2.630924157340332,
				0.0,
				0.0,
				0.0,
				1.0,
				4.2647,
				0,
				0.5,
				0,
				4.2647,
				0.5,
				0,
				0,
				1
			]
		],
		[
			"4.jpg",
			[
				0.9959230422973633,
				0.004592412151396275,
				-0.09009002149105072,
				0.23409771261864842,
				-0.011698397807776928,
				-0.9836943745613098,
				-0.17946751415729523,
				0.468124037921955,
				-0.08944524079561234,
				0.17978975176811218,
				-0.9796301126480103,
				2.6487842769969703,
				0.0,
				0.0,
				0.0,
				1.0,
				4.2647,
				0,
				0.5,
				0,
				4.2647,
				0.5,
				0,
				0,
				1
			]
		],
		[
			"5.jpg",
			[
				0.9971160292625427,
				0.0410529300570488,
				0.06382976472377777,
				-0.16176591344177105,
				0.03971773013472557,
				-0.9989675879478455,
				0.022048719227313995,
				-0.05248173720442145,
				0.06466903537511826,
				-0.019449956715106964,
				-0.9977172017097473,
				2.6946386504517363,
				0.0,
				0.0,
				0.0,
				1.0,
				4.2647,
				0,
				0.5,
				0,
				4.2647,
				0.5,
				0,
				0,
				1
			]
		],
		[
			"6.jpg",
			[
				0.9837310910224915,
				-0.13929599523544312,
				0.11344514787197113,
				-0.28182999168812445,
				-0.12706303596496582,
				-0.9859141707420349,
				-0.10875769704580307,
				0.2858470402715238,
				0.12699668109416962,
				0.0925736352801323,
				-0.9875738024711609,
				2.669993132079759,
				0.0,
				0.0,
				0.0,
				1.0,
				4.2647,
				0,
				0.5,
				0,
				4.2647,
				0.5,
				0,
				0,
				1
			]
		],
		[
			"7.jpg",
			[
				0.9937747120857239,
				-0.05409052222967148,
				-0.09739614278078079,
				0.24565860586924085,
				-0.0402885265648365,
				-0.9895455241203308,
				0.13847894966602325,
				-0.34979465373146595,
				-0.10386831313371658,
				-0.1336929351091385,
				-0.9855645895004272,
				2.665951152887702,
				0.0,
				0.0,
				0.0,
				1.0,
				4.2647,
				0,
				0.5,
				0,
				4.2647,
				0.5,
				0,
				0,
				1
			]
		],
		[
			"8.jpg",
			[
				0.9942930340766907,
				0.04186810925602913,
				0.09812498092651367,
				-0.25106659641646106,
				0.06281847506761551,
				-0.9731813073158264,
				-0.22129639983177185,
				0.5670166656854867,
				0.0862281322479248,
				0.2261975258588791,
				-0.9702574014663696,
				2.627823750748662,
				0.0,
				0.0,
				0.0,
				1.0,
				4.2647,
				0,
				0.5,
				0,
				4.2647,
				0.5,
				0,
				0,
				1
			]
		],
		[
			"9.jpg",
			[
				0.9994505047798157,
				-0.03293261677026749,
				-0.00374510046094656,
				0.010999817371177811,
				-0.0330091156065464,
				-0.9991987943649292,
				-0.022628873586654663,
				0.07791284705208913,
				-0.0029968717135488987,
				0.022740062326192856,
				-0.9997369050979614,
				2.6988531994686262,
				0.0,
				0.0,
				0.0,
				1.0,
				4.2647,
				0,
				0.5,
				0,
				4.2647,
				0.5,
				0,
				0,
				1
			]
		]
	]
}